Mobifone:

84906210021
84902115485
84936224488
84932221818
84903182068
84909785040
84937288468
84932668186
84938135229
84904852731
84938067186
84902161234
84904999135
84936102298
84937008446
0934932737
01223288899
0934387988
0902301504
0936523458
0938101089
0938101089
0938101089
01225279529
0938078426
0903263583
0936390588
0934584368
0934212020
0936484760
0905722117
0936904779
0909991975
01205686418
0903682986
0902060205
0904772782
0936231666
0936540268
0904101056
0935365586
0902285772
0936375894
0936778830
01223360889
0936250188
0934566599
0902753222
0902309222
0902557222
0903759222
0907559222
0907386222
0907097222
0908155222
0909538222
0933067222
0902887333
0902317333
0908221333
0908589333
0909180333
0909780333
0933365333
0933130555
0933417555
0908381555
0933279555
0938638777
0938380777
0902367070
0902517878
0902369696
0902789696
0902988080
0903866161
0937199669
0906653131
0906726363
0906806363
0938077070
0908988080
0909866363
0909588787
0909286262
0933252121
0933749696
0937557373
0937118282
0937531818
0937169090
0937805656
0937333535
0907116363
0933836161
0902477788
0902891122
0902713377
0902962299
0906913399
0906873377
0906712299
0907632233
0907253366
0908922233
0908501122
0908251122
0909713366
0909802266
0908449966
0909010088
0933328899
0933255599
0937058866
0937258899
0937318899
0937382299
0937632288
0937026699
0937592288
0938712299
0938242299
0938961122
0902920910
0902560678
0902602868
0902837379
0903099949
0906911968
0903173879
0906793797
0908907379
0908931868
0908131191
0908698769
0909381686
0909893779
0909171686
0932799599
0932793179
0933879179
0933691969
0933477939
0933857989
0909916898
0909882858
0906777276
0938090080
0938565575
0902356358
0902978186
0938160170
0938788186
0903648186
0909578186
0933061161
0909253868
0902370787
0908879668
0933738688
0933523868
0938938688
0938156686
0938793868
0938316686
0938997989
0909328686
0932141618
0907038868
0909495304
0902363369
01219244945
0936962298
0904290379
0902363369
0936595952
0906584838
0906175767
01226426273
01222364689
0937839566
0936386588
01282134863
0936323646
0904237969
0937705362
0909074393
0902546002
0936139557
0935666963
01222253222
0934434384
0934434384
0937535658
0902539247
0906948129
0938247848
0933368836
0906655695
0935771977
01269155660
0902025901
0936816229
0934260986
0934604460
0936821366
0906265215
0904787879
0939506688
0909170891
0904332088
0934235255
0903390089
0903399089
01269971817
0938815444
0936640680
0902105117
0934336031
0902054039
0905598998
0906466452
0905821068
0905333197
0905881689
0906402977
01216360933
0936779333
0934312062
0938292689
0905695596
0936784646
0936198468
0934306114
0937511983
0936120125
01268388492
01224224222
0903442119
0936506879
0934181699
0936888031
0938071291
0936362369

Vinaphone:
0945166895
0948222505
0946115333
0948335748
0943539969
0918467777
0917311665
0945115846
01234299299
0913304678
0943977979
0913599918
01246051090
0943740103
0917445435
0942230137
0948001687
01234494887
0942407279
0916576665
0917136119
01275333303
0943505889
0913843234
01235630673
0949457919
0919996666
0948693293
0945456451
0948456451
0948456452
0944678672
0942369365
0946246241
0943573563
0942864862
0916684444
01258686689
01298686689
01299333886
01233555886
01233222688
01299555866
01256555866
01238698688
01237998688
01238598688
01234389688
01232389688
01238589688
01232689688
01237689688
01255673579
01254443579
01276783579
01239222886
01255789668
01272966886
01246996966
01296796886
01238868869
01295796886
01239686689
0914416142
0945013031
0913148588
01254146666
0943947468
0913063033
0912285169
0913387986
0948561869
0945813799
0945813799
0916140771
01242397986
0946747968
0949999031
0917446265
0919353865
0914736655
0914216655
0915882022
0942502586
0945165486
0919616161
0919616161
0919616161
0942699986
0944709862
0919680581
0915935593
0916540581
01235522300
01234111666
0914830346
0917005739
01235630637

Viettel:
0973547162
01689944542
0979233537
0982848996
01699088571
0976270930
0985081289
01695562100
0983480880
0982801826
0987173344
0989991602
0988501838
0989801014
01683337017
0983533988
01679086554
0974182559
0973530683
0989846660
0986385991
0986990479
0986990479
0979983333
0983051596
0976494844
0983480881
0982923333
0972952222
0989603612
0978988655
0972085128
0975559409
0982333050
0976839996
01652773363
01635600818
0983480889
0988182266
0978070047
0984980077
0977055440
01689991895
0984952006
01689995186
0976029186
0983370586
0975630586
0988879669
0989095142
0973118504
0974879513
0989814666
0982414568
0982436468
0983209902
01643203979
0987922486
0983026936
0983309902
0986181393
0984979262
0973435764
01672823336
0973800625
01686933773
0983760210
01686739397
01685504819
0983103989
01693258259
0978934798
01694704826
0986426426
0973293485
01663311987
0984991112
01649800460
0983189366
01699487968
0982176640
0974579434
0986954602
0984792291
01662481448
0985091283
0979865222
01647841990
0986817397
0978888856
0976666635
0976666687
0976666682
0982313131
0982313131
0982313131
0983689080
0983434404
0979767354
0978339689
0972881321
0986372835
0985451785
0988098782
01682307074
01665584579

S-fone:

EVN-Telecom:
0967486686
0966511551
0968633748
0963665745
0969836599
0967053858
0966968696
0963586666
0963131111
0964939989
0964240240
0967478686
0966646666
0966317472
0965722586
0969246266
0964486567
0969610113
0969213666
0969231666
0964583979
0964157986
0967681568
0967364686
0964363383
0964404414
0964495378
0964233979
0964110010
0966019222
0969392392
0969392392
0967796686
0967031888
0962732652
0964699111
0966629855
0962116685
0969118456
0962952689
0963896999
0963896999
0963896999
0963896999
0963896999
0966955000
0968151515
0968151515
0968151515
0965369963
0968978888
0968978888
0962058838
0966198468

Vietnammobile:
0925973073

Beline:
01998913618

Chưa xác định:
01626406415


